49,1,Special Brew   , 1 ,1300.00   ,2         , , ;
49,1,Heineken       , 1 ,4000.00   ,2         , , ;
49,1,Doppel         , 1 ,1300.00   ,5         , , ;
49,1,Kuche Kuche    , 1 ,1300.00   ,3         , , ;
49,1,Windhoek Draught, 1 ,4000.00   ,4         , , ;
49,1,Flying Fish    , 1 ,4000.00   ,11        , , ;
49,1,Spin           , 1 ,3500.00   ,8         , , ;
49,1,Storm          , 1 ,3500.00   ,6         , , ;
49,1,Breezer        , 1 ,3500.00   ,6         , , ;
49,1,Savanna Dry    , 1 ,3500.00   ,4         , , ;
49,1,Cherry Plum    , 1 ,1000.00   ,1         , , ;
49,1,7 Up           , 1 ,2000.00   ,1         , , ;
49,1,Coke           , 1 ,1000.00   ,1         , , ;
49,1,Sprite         , 1 ,1000.00   ,1         , , ;
49,1,Grapetizer     , 1 ,3000.00   ,1         , , ;
49,1,Appletizer     , 1 ,3000.00   ,1         , , ;
49,1,Ceres          , 1 ,3000.00   ,1         , , ;
49,1,100 Juice      , 1 ,3000.00   ,1         , , ;
49,1,Water          , 1 ,700.00    ,1         , , ;
49,1,Ginger Ale     , 1 ,2000.00   ,1         , , ;
49,1,Indian Tonic   , 1 ,2000.00   ,1         , , ;
49,1,Miranda Orange , 1 ,1500.00   ,1         , , ;
49,1,Grape Fruit    , 1 ,2000.00   ,1         , , ;
49,1,Cheeky Cranberry, 1 ,1300.00   ,1         , , ;
49,1,Lemonade       , 1 ,2000.00   ,1         , , ;
49,1,Pink Tonic     , 1 ,1300.00   ,1         , , ;
49,1,Moet           , 1 ,80000.00  ,1         , , ;
49,1,Nederberg Barrone, 1 ,25000.00  ,1         , , ;
49,1,Nederberg Stein, 1 ,16500.00  ,1         , , ;
53,1,______,_,__;
56,1,______,_,__;
